[gd_scene load_steps=4 format=3 uid="uid://bhjwrs2arkdus"]

[ext_resource type="PackedScene" uid="uid://cx003asolw0md" path="res://scenes/cylidrical_world.tscn" id="1_bovvr"]
[ext_resource type="PackedScene" uid="uid://brcfccn3ndiuo" path="res://scenes/player/player_avatar.tscn" id="2_b2cq8"]
[ext_resource type="Script" uid="uid://dk7xvt28ttqp2" path="res://scenes/levels/world_rotator.gd" id="3_b2cq8"]

[node name="Level" type="Node3D"]

[node name="cylidrical_world" parent="." instance=ExtResource("1_bovvr")]
transform = Transform3D(1, 0, 0, 0, 0.979575, -0.201078, 0, 0.201078, 0.979575, 0, 0, 0)

[node name="player_avatar" parent="cylidrical_world" instance=ExtResource("2_b2cq8")]
transform = Transform3D(1, 0, 0, 0, 1, 0, 0, 0, 1, 0, 0.567, 0)

[node name="Camera3D" type="Camera3D" parent="." node_paths=PackedStringArray("player", "world")]
transform = Transform3D(1, 0, 0, 0, 0.951057, 0.309017, 0, -0.309017, 0.951057, 0, 0.565, 0.966)
script = ExtResource("3_b2cq8")
player = NodePath("../cylidrical_world/player_avatar/CharacterBody3D")
world = NodePath("../cylidrical_world")
rotateSpeed = 1.0
boundsScale = Vector2(2.5, 1.5)

[node name="DirectionalLight3D" type="DirectionalLight3D" parent="."]
transform = Transform3D(1, 0, 0, 0, 0.052336, 0.99863, 0, -0.99863, 0.052336, 0, 0, 0)

[editable path="cylidrical_world/player_avatar"]
