[gd_scene load_steps=33 format=3 uid="uid://cx003asolw0md"]

[ext_resource type="Script" uid="uid://bpppjmgi2m5ls" path="res://scenes/cylindrical_world/splash_handler_TWO.gd" id="1_ifovr"]
[ext_resource type="Shader" uid="uid://ck5aoj0bww7cd" path="res://art/materials/ripples_riti_style.gdshader" id="1_x8j7g"]
[ext_resource type="Texture2D" uid="uid://bqhtfdt4fhf7f" path="res://art/textures/game_poem_background.png" id="3_gw6aw"]
[ext_resource type="PackedScene" uid="uid://b7qvn30pef2xw" path="res://scenes/world_objects/spawnable_paper_pickup.tscn" id="4_oc4bw"]
[ext_resource type="Resource" uid="uid://dfr7mfrwsx5sh" path="res://resources/tree_prompt.tres" id="5_kymr6"]
[ext_resource type="PackedScene" uid="uid://cthv4b3wddim6" path="res://scenes/world_objects/spawnable_drawing.tscn" id="6_by4a6"]
[ext_resource type="Resource" uid="uid://88arjw4t6epq" path="res://resources/flower_prompt.tres" id="7_xh6pg"]
[ext_resource type="Resource" uid="uid://bpjw67kyxi5cb" path="res://resources/house_prompt.tres" id="8_ox7sr"]
[ext_resource type="Resource" uid="uid://c4vkqit1l86en" path="res://resources/birds_prompt.tres" id="9_ovgjb"]
[ext_resource type="Resource" uid="uid://cxvm2swfdoadh" path="res://resources/sun_prompt.tres" id="10_xfdi0"]
[ext_resource type="Resource" uid="uid://db33eq44o10i5" path="res://resources/spaceship_prompt.tres" id="11_74r5f"]
[ext_resource type="Resource" uid="uid://crgnq2mxm0151" path="res://resources/dragon_prompt.tres" id="12_6t8s5"]
[ext_resource type="Resource" uid="uid://bq5aonngnibva" path="res://resources/obsession_prompt.tres" id="13_fjb1l"]
[ext_resource type="Resource" uid="uid://bf7d2148rfx7c" path="res://resources/character_prompt.tres" id="13_i88jw"]
[ext_resource type="Resource" uid="uid://nauwjwymt84i" path="res://resources/happiness_prompt.tres" id="15_gw6aw"]
[ext_resource type="Script" uid="uid://bfcwt88tcu7p" path="res://scenes/world_objects/art_spawn.gd" id="15_qfn8x"]
[ext_resource type="Script" uid="uid://15dvlxj7l8n4" path="res://scenes/cylindrical_world/desaturate_signal.gd" id="16_2ib5o"]
[ext_resource type="Script" uid="uid://ccdxss01v2ed6" path="res://scenes/cylindrical_world/resaturate_signal.gd" id="17_sb866"]
[ext_resource type="Texture2D" uid="uid://bxoh0awjujqnv" path="res://art/sprites/placeholder_mirror.png" id="19_gtfkq"]
[ext_resource type="PackedScene" uid="uid://jq2lvugaywxm" path="res://scenes/world_objects/input_prompt.tscn" id="21_5xq1m"]
[ext_resource type="Script" uid="uid://bdbifm7mj4xyj" path="res://scenes/cylindrical_world/mirror.gd" id="21_qlrxy"]
[ext_resource type="PackedScene" uid="uid://n2wxmhmmxeus" path="res://scenes/world_objects/grasses/grass_blue.tscn" id="22_v5rw7"]
[ext_resource type="PackedScene" uid="uid://bter6k533frck" path="res://scenes/world_objects/grasses/grass_lavender.tscn" id="23_qlrxy"]
[ext_resource type="PackedScene" uid="uid://cejtt4y4sbuk6" path="res://scenes/world_objects/grasses/grass_ourple.tscn" id="24_f2kjo"]
[ext_resource type="PackedScene" uid="uid://bdlaeb6dn8y05" path="res://scenes/world_objects/grasses/grass_pink.tscn" id="25_brmfa"]

[sub_resource type="ShaderMaterial" id="ShaderMaterial_233me"]
render_priority = 0
shader = ExtResource("1_x8j7g")
shader_parameter/ripple_pos_arr = PackedVector3Array(0, 0, 0, 0, 0, 0, 0, 0, 0, 0, 0, 0, 0, 0, 0, 0, 0, 0, 0, 0, 0, 0, 0, 0, 0, 0, 0, 0, 0, 0, 0, 0, 0, 0, 0, 0, 0, 0, 0, 0, 0, 0)
shader_parameter/ripple_time_arr = PackedFloat32Array(0, 0, 0, 0, 0, 0, 0, 0, 0, 0, 0, 0, 0, 0)
shader_parameter/active_ripples = 0
shader_parameter/rip_radius = 0.0
shader_parameter/rip_width = 0.0
shader_parameter/tint = Color(0.814384, 0.888057, 0.906724, 1)
shader_parameter/tex_albedo = ExtResource("3_gw6aw")

[sub_resource type="CylinderMesh" id="CylinderMesh_a4lc5"]

[sub_resource type="SphereMesh" id="SphereMesh_i88jw"]

[sub_resource type="BoxShape3D" id="BoxShape3D_i88jw"]
size = Vector3(2, 0.355, 0.15)

[sub_resource type="BoxShape3D" id="BoxShape3D_pkjx4"]

[sub_resource type="StandardMaterial3D" id="StandardMaterial3D_gtfkq"]
transparency = 2
alpha_scissor_threshold = 0.5
alpha_antialiasing_mode = 0
shading_mode = 0
albedo_texture = ExtResource("19_gtfkq")

[sub_resource type="PlaneMesh" id="PlaneMesh_qlrxy"]
resource_local_to_scene = true

[node name="cylidrical_world" type="Node3D" node_paths=PackedStringArray("ground_mesh")]
transform = Transform3D(1, 0, 0, 0, 1, 0, 0, 0, 1, 0, 0, 0)
script = ExtResource("1_ifovr")
ground_mesh = NodePath("world_mesh")

[node name="grass" type="Node3D" parent="."]
transform = Transform3D(1, 0, 0, 0, -0.50504, -0.863096, 0, 0.863096, -0.50504, 0, 0, 0)

[node name="grass_blue" parent="grass" instance=ExtResource("22_v5rw7")]
transform = Transform3D(1, 0, 0, 0, -0.382474, 0.923967, 0, -0.923967, -0.382474, 0.267907, 0, 0)

[node name="grass_lavender" parent="grass" instance=ExtResource("23_qlrxy")]
transform = Transform3D(1, 0, 0, 0, -0.435247, 0.900311, 0, -0.900311, -0.435247, 0.313685, 0, 0)

[node name="grass_ourple" parent="grass" instance=ExtResource("24_f2kjo")]
transform = Transform3D(1, 0, 0, 0, -0.307207, 0.951643, 0, -0.951643, -0.307207, 0.340184, 0, 0)

[node name="grass_pink" parent="grass" instance=ExtResource("25_brmfa")]
transform = Transform3D(1, 0, 0, 0, -0.687088, 0.726575, 0, -0.726575, -0.687088, 0.304516, 0, 0)

[node name="grass_blue2" parent="grass" instance=ExtResource("22_v5rw7")]
transform = Transform3D(1, 0, 0, 0, -0.821945, 0.569567, 0, -0.569567, -0.821945, 0.226126, 0, 0)

[node name="grass_blue3" parent="grass" instance=ExtResource("22_v5rw7")]
transform = Transform3D(1, 0, 0, 0, -0.648598, 0.761131, 0, -0.761131, -0.648598, -0.321995, 0, 0)

[node name="grass_ourple2" parent="grass" instance=ExtResource("24_f2kjo")]
transform = Transform3D(1, 0, 0, 0, -0.702364, 0.711818, 0, -0.711818, -0.702364, -0.302014, 0, 0)

[node name="grass_pink2" parent="grass" instance=ExtResource("25_brmfa")]
transform = Transform3D(1, 0, 0, 0, -0.823483, 0.567341, 0, -0.567341, -0.823483, -0.25365, 0, 0)

[node name="grass_lavender2" parent="grass" instance=ExtResource("23_qlrxy")]
transform = Transform3D(1, 0, 0, 0, -0.928952, 0.370201, 0, -0.370201, -0.928952, -0.360388, 0, 0)

[node name="grass_pink3" parent="grass" instance=ExtResource("25_brmfa")]
transform = Transform3D(1, 0, 0, 0, -0.961156, 0.276006, 0, -0.276006, -0.961156, -0.404257, 0, 0)

[node name="grass_blue4" parent="grass" instance=ExtResource("22_v5rw7")]
transform = Transform3D(1, 0, 0, 0, -0.878325, 0.478064, 0, -0.478064, -0.878325, -0.463231, 0, 0)

[node name="grass_ourple3" parent="grass" instance=ExtResource("24_f2kjo")]
transform = Transform3D(1, 0, 0, 0, -0.962056, -0.272851, 0, 0.272851, -0.962056, -0.563598, 0, 0)

[node name="grass_lavender3" parent="grass" instance=ExtResource("23_qlrxy")]
transform = Transform3D(1, 0, 0, 0, -0.999597, -0.0283753, 0, 0.0283753, -0.999597, -0.483697, 0, 0)

[node name="grass_pink4" parent="grass" instance=ExtResource("25_brmfa")]
transform = Transform3D(1, 0, 0, 0, -0.998184, 0.0602297, 0, -0.0602297, -0.998184, 0.429409, 0, 0)

[node name="grass_blue5" parent="grass" instance=ExtResource("22_v5rw7")]
transform = Transform3D(1, 0, 0, 0, -0.874044, -0.485847, 0, 0.485847, -0.874044, -0.368072, 0, 0)

[node name="grass_ourple4" parent="grass" instance=ExtResource("24_f2kjo")]
transform = Transform3D(1, 0, 0, 0, -0.925064, -0.379811, 0, 0.379811, -0.925064, -0.41442, 0, 0)

[node name="grass_ourple5" parent="grass" instance=ExtResource("24_f2kjo")]
transform = Transform3D(1, 0, 0, 0, -0.817466, -0.575976, 0, 0.575976, -0.817466, 0.260867, 0, 0)

[node name="grass_lavender4" parent="grass" instance=ExtResource("23_qlrxy")]
transform = Transform3D(1, 0, 0, 0, -0.93383, -0.357716, 0, 0.357716, -0.93383, 0.340768, 0, 0)

[node name="grass_pink5" parent="grass" instance=ExtResource("25_brmfa")]
transform = Transform3D(1, 0, 0, 0, -0.961832, -0.27364, 0, 0.27364, -0.961832, 0.45369, 0, 0)

[node name="grass_blue6" parent="grass" instance=ExtResource("22_v5rw7")]
transform = Transform3D(1, 0, 0, 0, -0.6639, -0.747821, 0, 0.747821, -0.6639, 0.456393, 0, 0)

[node name="grass_ourple6" parent="grass" instance=ExtResource("24_f2kjo")]
transform = Transform3D(1, 0, 0, 0, -0.747149, -0.664657, 0, 0.664657, -0.747149, 0.410045, 0, 0)

[node name="grass2" type="Node3D" parent="."]

[node name="grass_ourple7" parent="grass2" instance=ExtResource("24_f2kjo")]
transform = Transform3D(1, 0, 0, 0, -0.346821, 0.937931, 0, -0.937931, -0.346821, -0.0491565, 0, 0)

[node name="grass_ourple8" parent="grass2" instance=ExtResource("24_f2kjo")]
transform = Transform3D(1, 0, 0, 0, -0.7202, 0.693766, 0, -0.693766, -0.7202, -0.0698031, 0, 0)

[node name="grass_lavender4" parent="grass2" instance=ExtResource("23_qlrxy")]
transform = Transform3D(1, 0, 0, 0, -0.493987, 0.869469, 0, -0.869469, -0.493987, -0.0363432, 0, 0)

[node name="grass_lavender5" parent="grass2" instance=ExtResource("23_qlrxy")]
transform = Transform3D(1, 0, 0, 0, -0.538197, 0.842819, 0, -0.842819, -0.538197, -0.339745, 0, 0)

[node name="grass_lavender6" parent="grass2" instance=ExtResource("23_qlrxy")]
transform = Transform3D(1, 0, 0, 0, -0.650986, 0.759089, 0, -0.759089, -0.650986, -0.140268, 0, 0)

[node name="grass_pink5" parent="grass2" instance=ExtResource("25_brmfa")]
transform = Transform3D(1, 0, 0, 0, -0.422571, 0.906329, 0, -0.906329, -0.422571, -0.0963649, 0, 0)

[node name="grass_pink6" parent="grass2" instance=ExtResource("25_brmfa")]
transform = Transform3D(1, 0, 0, 0, -0.620819, 0.783953, 0, -0.783953, -0.620819, -0.27194, 0, 0)

[node name="grass_pink7" parent="grass2" instance=ExtResource("25_brmfa")]
transform = Transform3D(1, 0, 0, 0, -0.868303, 0.496034, 0, -0.496034, -0.868303, -0.101295, 0, 0)

[node name="grass_blue6" parent="grass2" instance=ExtResource("22_v5rw7")]
transform = Transform3D(1, 0, 0, 0, -0.439139, 0.898419, 0, -0.898419, -0.439139, -0.316265, 0, 0)

[node name="grass_blue8" parent="grass2" instance=ExtResource("22_v5rw7")]
transform = Transform3D(1, 0, 0, 0, -0.943257, 0.332062, 0, -0.332062, -0.943257, -0.239599, 0, 0)

[node name="grass_blue7" parent="grass2" instance=ExtResource("22_v5rw7")]
transform = Transform3D(1, 0, 0, 0, -0.819402, 0.573219, 0, -0.573219, -0.819402, -0.160323, 0, 0)

[node name="grass3" type="Node3D" parent="."]
transform = Transform3D(1, 0, 0, 0, 1, -3.72529e-09, 0, 3.72529e-09, 1, 0, 0, 0)

[node name="grass_ourple7" parent="grass3" instance=ExtResource("24_f2kjo")]
transform = Transform3D(1, 0, 0, 0, -0.971825, 0.235702, 0, -0.235702, -0.971825, -0.0247948, 0, 0)

[node name="grass_ourple9" parent="grass3" instance=ExtResource("24_f2kjo")]
transform = Transform3D(1, 0, 0, 0, -0.44562, -0.895222, 0, 0.895222, -0.44562, 0.314341, 0, 0)

[node name="grass_ourple11" parent="grass3" instance=ExtResource("24_f2kjo")]
transform = Transform3D(1, 0, 0, 0, -0.955397, 0.295325, 0, -0.295325, -0.955397, 0.201329, 0, 0)

[node name="grass_lavender4" parent="grass3" instance=ExtResource("23_qlrxy")]
transform = Transform3D(1, 0, 0, 0, -0.997155, 0.0753791, 0, -0.0753791, -0.997155, -0.0363432, 0, 0)

[node name="grass_lavender5" parent="grass3" instance=ExtResource("23_qlrxy")]
transform = Transform3D(1, 0, 0, 0, -0.961798, 0.273758, 0, -0.273758, -0.961798, -0.186709, 0, 0)

[node name="grass_pink5" parent="grass3" instance=ExtResource("25_brmfa")]
transform = Transform3D(1, 0, 0, 0, -0.987881, 0.15521, 0, -0.15521, -0.987881, -0.0646221, 0, 0)

[node name="grass_pink11" parent="grass3" instance=ExtResource("25_brmfa")]
transform = Transform3D(1, 0, 0, 0, -0.455498, 0.890236, 0, -0.890236, -0.455498, 0.273789, 0, 0)

[node name="grass_blue6" parent="grass3" instance=ExtResource("22_v5rw7")]
transform = Transform3D(1, 0, 0, 0, -0.999998, -0.00139609, 0, 0.00139609, -0.999998, -0.256381, 0, 0)

[node name="grass_blue9" parent="grass3" instance=ExtResource("22_v5rw7")]
transform = Transform3D(1, 0, 0, 0, -0.851187, -0.524862, 0, 0.524862, -0.851187, -0.479165, 0, 0)

[node name="grass_ourple8" parent="grass3" instance=ExtResource("24_f2kjo")]
transform = Transform3D(1, 0, 0, 0, -0.982957, -0.183831, 0, 0.183831, -0.982957, -0.142872, 0, 0)

[node name="grass_ourple10" parent="grass3" instance=ExtResource("24_f2kjo")]
transform = Transform3D(1, 0, 0, 0, -0.863853, 0.503744, 0, -0.503744, -0.863853, 0.33786, 0, 0)

[node name="grass_lavender6" parent="grass3" instance=ExtResource("23_qlrxy")]
transform = Transform3D(1, 0, 0, 0, -0.940271, -0.340429, 0, 0.340429, -0.940271, -0.0514383, 0, 0)

[node name="grass_lavender7" parent="grass3" instance=ExtResource("23_qlrxy")]
transform = Transform3D(1, 0, 0, 0, -0.98943, -0.145012, 0, 0.145012, -0.98943, -0.304786, 0, 0)

[node name="grass_lavender8" parent="grass3" instance=ExtResource("23_qlrxy")]
transform = Transform3D(1, 0, 0, 0, -0.957274, -0.289182, 0, 0.289182, -0.957274, -0.468257, 0, 0)

[node name="grass_lavender12" parent="grass3" instance=ExtResource("23_qlrxy")]
transform = Transform3D(1, 0, 0, 0, -0.982672, 0.185358, 0, -0.185358, -0.982672, 0.372358, 0, 0)

[node name="grass_lavender10" parent="grass3" instance=ExtResource("23_qlrxy")]
transform = Transform3D(1, 0, 0, 0, -0.957274, -0.289182, 0, 0.289182, -0.957274, 0.36134, 0, 0)

[node name="grass_lavender11" parent="grass3" instance=ExtResource("23_qlrxy")]
transform = Transform3D(1, 0, 0, 0, -0.7345, -0.678609, 0, 0.678609, -0.7345, 0.36134, 0, 0)

[node name="grass_lavender9" parent="grass3" instance=ExtResource("23_qlrxy")]
transform = Transform3D(1, 0, 0, 0, -0.727474, -0.686136, 0, 0.686136, -0.727474, -0.0233179, 0, 0)

[node name="grass_pink6" parent="grass3" instance=ExtResource("25_brmfa")]
transform = Transform3D(1, 0, 0, 0, -0.972861, -0.231391, 0, 0.231391, -0.972861, -0.190887, 0, 0)

[node name="grass_pink12" parent="grass3" instance=ExtResource("25_brmfa")]
transform = Transform3D(1, 0, 0, 0, -0.999309, 0.0371668, 0, -0.0371668, -0.999309, 0.35903, 0, 0)

[node name="grass_pink8" parent="grass3" instance=ExtResource("25_brmfa")]
transform = Transform3D(1, 0, 0, 0, -0.578171, -0.815916, 0, 0.815916, -0.578171, 0.232767, 0, 0)

[node name="grass_pink9" parent="grass3" instance=ExtResource("25_brmfa")]
transform = Transform3D(1, 0, 0, 0, -0.994961, -0.100258, 0, 0.100258, -0.994961, 0.32365, 0, 0)

[node name="grass_pink10" parent="grass3" instance=ExtResource("25_brmfa")]
transform = Transform3D(1, 0, 0, 0, -0.796097, 0.605169, 0, -0.605169, -0.796097, 0.32365, 0, 0)

[node name="grass_pink7" parent="grass3" instance=ExtResource("25_brmfa")]
transform = Transform3D(1, 0, 0, 0, -0.915283, -0.402811, 0, 0.402811, -0.915283, -0.0884138, 0, 0)

[node name="grass_blue7" parent="grass3" instance=ExtResource("22_v5rw7")]
transform = Transform3D(1, 0, 0, 0, -0.91136, -0.411609, 0, 0.411609, -0.91136, -0.318454, 0, 0)

[node name="grass_blue10" parent="grass3" instance=ExtResource("22_v5rw7")]
transform = Transform3D(1, 0, 0, 0, -0.580561, -0.814216, 0, 0.814216, -0.580561, -0.0505669, 0, 0)

[node name="grass_blue11" parent="grass3" instance=ExtResource("22_v5rw7")]
transform = Transform3D(1, 0, 0, 0, -0.999999, 0.000872836, 0, -0.000872836, -0.999999, 0.254869, 0, 0)

[node name="grass_blue8" parent="grass3" instance=ExtResource("22_v5rw7")]
transform = Transform3D(1, 0, 0, 0, -0.935456, -0.353442, 0, 0.353442, -0.935456, -0.541079, 0, 0)

[node name="grass4" type="Node3D" parent="."]

[node name="grass_ourple7" parent="grass4" instance=ExtResource("24_f2kjo")]
transform = Transform3D(1, 0, 0, 0, -0.756458, -0.654041, 0, 0.654041, -0.756458, -0.0963988, 0, 0)

[node name="grass_blue6" parent="grass4" instance=ExtResource("22_v5rw7")]
transform = Transform3D(1, 0, 0, 0, -0.468778, -0.883315, 0, 0.883315, -0.468778, -0.245688, 0, 0)

[node name="grass_blue7" parent="grass4" instance=ExtResource("22_v5rw7")]
transform = Transform3D(1, 0, 0, 0, -0.368141, -0.92977, 0, 0.92977, -0.368141, 0.120211, 0, 0)

[node name="grass_pink8" parent="grass4" instance=ExtResource("25_brmfa")]
transform = Transform3D(1, 0, 0, 0, -0.567829, -0.823146, 0, 0.823146, -0.567829, -0.294292, 0, 0)

[node name="grass_lavender4" parent="grass4" instance=ExtResource("23_qlrxy")]
transform = Transform3D(1, 0, 0, 0, -0.30988, -0.950776, 0, 0.950776, -0.30988, 0.419069, 0, 0)

[node name="grass_ourple8" parent="grass4" instance=ExtResource("24_f2kjo")]
transform = Transform3D(1, 0, 0, 0, -0.292171, -0.956366, 0, 0.956366, -0.292171, -0.346835, 0, 0)

[node name="grass_ourple9" parent="grass4" instance=ExtResource("24_f2kjo")]
transform = Transform3D(1, 0, 0, 0, 0.0794508, -0.996838, 0, 0.996838, 0.0794508, -0.450197, 0, 0)

[node name="grass_ourple10" parent="grass4" instance=ExtResource("24_f2kjo")]
transform = Transform3D(1, 0, 0, 0, 0.0794508, -0.996838, 0, 0.996838, 0.0794508, -0.450197, 0, 0)

[node name="grass_ourple11" parent="grass4" instance=ExtResource("24_f2kjo")]
transform = Transform3D(1, 0, 0, 0, 0.464873, -0.885377, 0, 0.885377, 0.464873, -0.375475, 0, 0)

[node name="grass_blue8" parent="grass4" instance=ExtResource("22_v5rw7")]
transform = Transform3D(1, 0, 0, 0, -0.241109, -0.970498, 0, 0.970498, -0.241109, -0.304651, 0, 0)

[node name="grass_blue10" parent="grass4" instance=ExtResource("22_v5rw7")]
transform = Transform3D(1, 0, 0, 0, -0.0524231, -0.998625, 0, 0.998625, -0.0524231, -0.458115, 0, 0)

[node name="grass_blue13" parent="grass4" instance=ExtResource("22_v5rw7")]
transform = Transform3D(1, 0, 0, 0, -0.208543, -0.978013, 0, 0.978013, -0.208543, 0.256711, 0, 0)

[node name="grass_blue9" parent="grass4" instance=ExtResource("22_v5rw7")]
transform = Transform3D(1, 0, 0, 0, 0.0829646, -0.996552, 0, 0.996552, 0.0829646, -0.279774, 0, 0)

[node name="grass_blue11" parent="grass4" instance=ExtResource("22_v5rw7")]
transform = Transform3D(1, 0, 0, 0, 0.347786, -0.937573, 0, 0.937573, 0.347786, -0.559807, 0, 0)

[node name="grass_blue12" parent="grass4" instance=ExtResource("22_v5rw7")]
transform = Transform3D(1, 0, 0, 0, 0.044805, -0.998995, 0, 0.998995, 0.044805, -0.0233608, 0, 0)

[node name="grass_pink9" parent="grass4" instance=ExtResource("25_brmfa")]
transform = Transform3D(1, 0, 0, 0, -0.016161, -0.999869, 0, 0.999869, -0.016161, -0.357623, 0, 0)

[node name="grass_pink10" parent="grass4" instance=ExtResource("25_brmfa")]
transform = Transform3D(1, 0, 0, 0, 0.276493, -0.961016, 0, 0.961016, 0.276493, -0.326829, 0, 0)

[node name="grass_pink11" parent="grass4" instance=ExtResource("25_brmfa")]
transform = Transform3D(1, 0, 0, 0, -0.402986, -0.915205, 0, 0.915205, -0.402986, 0.1943, 0, 0)

[node name="grass_pink12" parent="grass4" instance=ExtResource("25_brmfa")]
transform = Transform3D(1, 0, 0, 0, -0.0968706, -0.995296, 0, 0.995296, -0.0968706, 0.314143, 0, 0)

[node name="grass_pink13" parent="grass4" instance=ExtResource("25_brmfa")]
transform = Transform3D(1, 0, 0, 0, 0.254821, -0.966987, 0, 0.966987, 0.254821, 0.347149, 0, 0)

[node name="grass_lavender5" parent="grass4" instance=ExtResource("23_qlrxy")]
transform = Transform3D(1, 0, 0, 0, -0.436865, -0.899527, 0, 0.899527, -0.436865, -0.420399, 0, 0)

[node name="grass5" type="Node3D" parent="."]
transform = Transform3D(1, 0, 0, 0, 1, 2.98023e-08, 0, -2.98023e-08, 1, 0, 0, 0)

[node name="grass_ourple7" parent="grass5" instance=ExtResource("24_f2kjo")]
transform = Transform3D(1, 0, 0, 0, -0.193909, -0.981019, 0, 0.981019, -0.193909, 0.350762, 0, 0)

[node name="grass_ourple9" parent="grass5" instance=ExtResource("24_f2kjo")]
transform = Transform3D(1, 0, 0, 0, 0.557499, -0.830177, 0, 0.830177, 0.557499, 0.350762, 0, 0)

[node name="grass_ourple8" parent="grass5" instance=ExtResource("24_f2kjo")]
transform = Transform3D(1, 0, 0, 0, 0.376628, -0.926364, 0, 0.926364, 0.376628, -0.175744, 0, 0)

[node name="grass_blue6" parent="grass5" instance=ExtResource("22_v5rw7")]
transform = Transform3D(1, 0, 0, 0, 0.724051, -0.689746, 0, 0.689746, 0.724051, 0.305876, 0, 0)

[node name="grass_blue7" parent="grass5" instance=ExtResource("22_v5rw7")]
transform = Transform3D(1, 0, 0, 0, 0.250194, -0.968195, 0, 0.968195, 0.250194, -0.167559, 0, 0)

[node name="grass_lavender4" parent="grass5" instance=ExtResource("23_qlrxy")]
transform = Transform3D(1, 0, 0, 0, 0.0769623, -0.997034, 0, 0.997034, 0.0769623, 0.375763, 0, 0)

[node name="grass_lavender5" parent="grass5" instance=ExtResource("23_qlrxy")]
transform = Transform3D(1, 0, 0, 0, 0.297375, -0.954761, 0, 0.954761, 0.297375, 0.0485066, 0, 0)

[node name="grass_lavender6" parent="grass5" instance=ExtResource("23_qlrxy")]
transform = Transform3D(1, 0, 0, 0, 0.497852, -0.867262, 0, 0.867262, 0.497852, 0.407893, 0, 0)

[node name="grass_pink8" parent="grass5" instance=ExtResource("25_brmfa")]
transform = Transform3D(1, 0, 0, 0, 0.168954, -0.985624, 0, 0.985624, 0.168954, -0.101459, 0, 0)

[node name="grass_pink10" parent="grass5" instance=ExtResource("25_brmfa")]
transform = Transform3D(1, 0, 0, 0, 0.239381, -0.970926, 0, 0.970926, 0.239381, 0.378252, 0, 0)

[node name="grass_pink9" parent="grass5" instance=ExtResource("25_brmfa")]
transform = Transform3D(1, 0, 0, 0, 0.378213, -0.925719, 0, 0.925719, 0.378213, 0.110373, 0, 0)

[node name="grass6" type="Node3D" parent="."]
transform = Transform3D(1, 0, 0, 0, 1, 2.98023e-08, 0, -2.98023e-08, 1, 0, 0, 0)

[node name="grass_ourple7" parent="grass6" instance=ExtResource("24_f2kjo")]
transform = Transform3D(1, 0, 0, 0, 0.933686, -0.358091, 0, 0.358091, 0.933686, -0.271299, 0, 0)

[node name="grass_ourple8" parent="grass6" instance=ExtResource("24_f2kjo")]
transform = Transform3D(1, 0, 0, 0, 0.759805, -0.650151, 0, 0.650151, 0.759805, -0.369588, 0, 0)

[node name="grass_blue6" parent="grass6" instance=ExtResource("22_v5rw7")]
transform = Transform3D(1, 0, 0, 0, 0.946407, -0.322976, 0, 0.322976, 0.946407, -0.100424, 0, 0)

[node name="grass_blue7" parent="grass6" instance=ExtResource("22_v5rw7")]
transform = Transform3D(1, 0, 0, 0, 0.666675, -0.745348, 0, 0.745348, 0.666675, -0.202438, 0, 0)

[node name="grass_lavender4" parent="grass6" instance=ExtResource("23_qlrxy")]
transform = Transform3D(1, 0, 0, 0, 0.907916, -0.419151, 0, 0.419151, 0.907916, -0.350353, 0, 0)

[node name="grass_lavender5" parent="grass6" instance=ExtResource("23_qlrxy")]
transform = Transform3D(1, 0, 0, 0, 0.841595, -0.540108, 0, 0.540108, 0.841595, -0.112254, 0, 0)

[node name="grass_pink8" parent="grass6" instance=ExtResource("25_brmfa")]
transform = Transform3D(1, 0, 0, 0, 0.709657, -0.704548, 0, 0.704548, 0.709657, -0.265476, 0, 0)

[node name="grass_pink9" parent="grass6" instance=ExtResource("25_brmfa")]
transform = Transform3D(1, 0, 0, 0, 0.81243, -0.583059, 0, 0.583059, 0.81243, -0.0536441, 0, 0)

[node name="world_mesh" type="MeshInstance3D" parent="."]
transform = Transform3D(-4.37114e-08, 1, 0, 4.37114e-08, 1.91069e-15, -1, -0.999999, -4.37114e-08, -4.37114e-08, 0, 0, 0)
material_override = SubResource("ShaderMaterial_233me")
mesh = SubResource("CylinderMesh_a4lc5")

[node name="lap reference" type="MeshInstance3D" parent="."]
transform = Transform3D(0.0503043, 0, 0, 0, 0.0503043, -9.31323e-10, 0, 9.31323e-10, 0.0503043, 0, 0.486, 0)
mesh = SubResource("SphereMesh_i88jw")

[node name="desaturate" type="Node3D" parent="."]
transform = Transform3D(1, 0, 0, 0, -0.999002, 0.0446827, 0, -0.0446827, -0.999002, 0, 0, 0)
script = ExtResource("15_qfn8x")
EnableCollision = true

[node name="desaturate_collider" type="Area3D" parent="desaturate"]
transform = Transform3D(1, 0, 0, 0, 0.364178, -0.931329, 0, 0.931329, 0.364178, 0, 0, 0)
script = ExtResource("16_2ib5o")

[node name="CollisionShape3D" type="CollisionShape3D" parent="desaturate/desaturate_collider"]
transform = Transform3D(1, 0, 0, 0, 1, 0, 0, 0, 1, 0, 0.675, 0)
shape = SubResource("BoxShape3D_i88jw")

[node name="resaturate" type="Node3D" parent="."]
transform = Transform3D(1, 0, 0, 0, 0.976319, 0.216337, 0, -0.216337, 0.976319, 0, 0, 0)
script = ExtResource("15_qfn8x")
AdditionalFractionRound = 0.5
EnableCollision = true

[node name="resaturate_collider" type="Area3D" parent="resaturate"]
transform = Transform3D(0.999997, -0.000466578, -0.00260263, 0.000437452, 0.999938, -0.0111761, 0.00260768, 0.0111749, 0.999934, 0, 0, 0)
script = ExtResource("17_sb866")

[node name="CollisionShape3D" type="CollisionShape3D" parent="resaturate/resaturate_collider"]
transform = Transform3D(1, 0, 0, 0, 1, 0, 0, 0, 1, 0, 0.675, 0)
shape = SubResource("BoxShape3D_i88jw")

[node name="W01_Tree_Prompt" parent="." instance=ExtResource("4_oc4bw")]
transform = Transform3D(1, 0, 0, 0, 0.899359, 0.43721, 0, -0.43721, 0.899359, 0, 0, 0)
prompt = ExtResource("5_kymr6")

[node name="W01_Tree_Drawing" parent="." instance=ExtResource("6_by4a6")]
transform = Transform3D(1, 0, 0, 0, -0.498019, 0.867166, 0, -0.867166, -0.498019, -0.16639, 0, 0)
prompt = ExtResource("5_kymr6")
use_prompt_colors = false
primary_color = Color(0.672, 0.84, 0.7028, 1)
secondary_color = Color(0.490196, 0.364706, 0.352941, 1)

[node name="Art_Spawn" parent="W01_Tree_Drawing" index="0"]
transform = Transform3D(0.954761, 0, 0.297375, 0, 1, 0, -0.297375, 0, 0.954761, 0, 0.477396, -0.00234989)

[node name="W02_Flower_Prompt" parent="." instance=ExtResource("4_oc4bw")]
transform = Transform3D(1, 0, 0, 0, -0.172582, 0.984995, 0, -0.984995, -0.172582, -0.102608, 0, 0)
prompt = ExtResource("7_xh6pg")

[node name="W02_House_Prompt" parent="." instance=ExtResource("4_oc4bw")]
transform = Transform3D(1, 0, 0, 0, -0.860306, -0.509778, 0, 0.509778, -0.860306, 0.181465, 0, 0)
prompt = ExtResource("8_ox7sr")

[node name="W02_House_Drawing" parent="." instance=ExtResource("6_by4a6")]
transform = Transform3D(1, 0, 0, 0, 1, 0, 0, 0, 1, 0.241789, 0, 0)
prompt = ExtResource("8_ox7sr")
AdditionalFractionRound = 0.25

[node name="Art_Spawn" parent="W02_House_Drawing" index="0"]
transform = Transform3D(0.840925, 0, 0, 0, 0.840924, 0, 0, 0, 0.840925, 0, 0.503952, 0)

[node name="forest" type="Node3D" parent="."]

[node name="forest_tree" parent="forest" instance=ExtResource("6_by4a6")]
transform = Transform3D(1, 0, 0, 0, -0.981747, 0.190192, 0, -0.190192, -0.981747, -0.319118, 0, 0)
prompt = ExtResource("5_kymr6")
use_prompt_colors = false
primary_color = Color(0.74984, 0.84, 0.6048, 1)
secondary_color = Color(0.490196, 0.364706, 0.352941, 1)

[node name="Art_Spawn" parent="forest/forest_tree" index="0"]
transform = Transform3D(0.758078, 0, 0.236115, 1.86265e-09, 0.793998, -3.72529e-09, -0.236115, 0, 0.758078, 0, 0.477397, -0.00234989)

[node name="forest_tree2" parent="forest" instance=ExtResource("6_by4a6")]
transform = Transform3D(1, 0, 0, 0, -0.995356, -0.0962629, 0, 0.0962629, -0.995356, 0.316141, 0, 0)
prompt = ExtResource("5_kymr6")
use_prompt_colors = false
primary_color = Color(0.74984, 0.84, 0.6048, 1)
secondary_color = Color(0.490196, 0.364706, 0.352941, 1)

[node name="Art_Spawn" parent="forest/forest_tree2" index="0"]
transform = Transform3D(0.697729, -0.133457, -0.354676, 0.124761, 0.7826, -0.0490431, 0.357828, -0.0126334, 0.708683, 0, 0.477397, -0.00234993)

[node name="forest_tree_2" parent="forest" instance=ExtResource("6_by4a6")]
transform = Transform3D(1, 0, 0, 0, -0.847233, -0.531221, 0, 0.531221, -0.847233, -0.133472, 0, 0)
prompt = ExtResource("5_kymr6")
use_prompt_colors = false
primary_color = Color(0.671284, 0.751412, 0.43845, 1)
secondary_color = Color(0.553337, 0.518254, 0.476146, 1)

[node name="Art_Spawn" parent="forest/forest_tree_2" index="0"]
transform = Transform3D(0.85515, -0.0587168, 0.00225905, 0.0580459, 0.839006, -0.165633, 0.00913489, 0.165397, 0.841008, 0, 0.491879, -0.0172665)

[node name="forest_tree_3" parent="forest" instance=ExtResource("6_by4a6")]
transform = Transform3D(1, 0, 0, 0, -0.347034, -0.937852, 0, 0.937852, -0.347034, 0.162109, 0, 0)
prompt = ExtResource("5_kymr6")
use_prompt_colors = false
primary_color = Color(0.635465, 0.758107, 0.502076, 1)
secondary_color = Color(0.457554, 0.414874, 0.40032, 1)

[node name="Art_Spawn" parent="forest/forest_tree_3" index="0"]
transform = Transform3D(0.837073, 0.0402913, -0.180055, -0.0215144, 0.852089, 0.0906526, 0.18325, -0.0840083, 0.833125, 0, 0.491879, -0.0172665)

[node name="forest_tree_5" parent="forest" instance=ExtResource("6_by4a6")]
transform = Transform3D(1, 0, 0, 0, 0.838261, -0.545268, 0, 0.545268, 0.838261, -0.156866, 0, 0)
prompt = ExtResource("5_kymr6")
use_prompt_colors = false
primary_color = Color(0.5621, 0.77, 0.600215, 1)
secondary_color = Color(0.490196, 0.364706, 0.352941, 1)

[node name="Art_Spawn" parent="forest/forest_tree_5" index="0"]
transform = Transform3D(0.790787, -0.0515508, 0.326698, 0.0736322, 0.852882, -0.043651, -0.32244, 0.0683346, 0.791263, 0, 0.491879, -0.0172666)

[node name="forest_tree_4" parent="forest" instance=ExtResource("6_by4a6")]
transform = Transform3D(1, 0, 0, 0, 0.356771, -0.934192, 0, 0.934192, 0.356771, -0.0372196, 0, 0)
prompt = ExtResource("5_kymr6")
use_prompt_colors = false
primary_color = Color(0.5621, 0.77, 0.600215, 1)
secondary_color = Color(0.58, 0.50112, 0.4408, 1)

[node name="Art_Spawn" parent="forest/forest_tree_4" index="0"]
transform = Transform3D(0.833963, 0.00720454, 0.197957, -0.00719543, 0.857135, -0.000881724, -0.197957, -0.000803858, 0.833994, 0, 0.503952, 7.45058e-09)

[node name="flowers" type="Node3D" parent="forest"]

[node name="W02_Flower_01_Drawing" parent="forest/flowers" instance=ExtResource("6_by4a6")]
transform = Transform3D(1, 0, 0, 0, -0.999692, 0.0248509, 0, -0.0248509, -0.999692, -0.136816, 0, 0)
prompt = ExtResource("7_xh6pg")
use_prompt_colors = false
primary_color = Color(0.2366, 0.84266, 0.91, 1)
secondary_color = Color(0.94902, 0.811765, 0.466667, 1)

[node name="Art_Spawn" parent="forest/flowers/W02_Flower_01_Drawing" index="0"]
transform = Transform3D(0.217902, -0.00361191, -0.015856, 0.00466932, 0.217975, 0.0145148, 0.0155783, -0.0148133, 0.217448, 0, 0.498113, 4.51347e-05)

[node name="W02_Flower_01_Drawing2" parent="forest/flowers" instance=ExtResource("6_by4a6")]
transform = Transform3D(1, 0, 0, 0, -0.9957, -0.0926313, 0, 0.0926313, -0.9957, -0.172929, 0, 0)
prompt = ExtResource("7_xh6pg")
use_prompt_colors = false
primary_color = Color(1, 0.525, 0.25, 1)
secondary_color = Color(0.95, 0.901233, 0.532, 1)

[node name="Art_Spawn" parent="forest/flowers/W02_Flower_01_Drawing2" index="0"]
transform = Transform3D(0.171286, -0.0549645, -0.02157, 0.0557621, 0.172345, 0.00363575, 0.0194154, -0.010076, 0.179852, 0, 0.499561, -0.000319131)

[node name="W02_Flower_01_Drawing3" parent="forest/flowers" instance=ExtResource("6_by4a6")]
transform = Transform3D(1, 0, 0, 0, -0.96481, 0.262946, 0, -0.262946, -0.96481, -0.238658, 0, 0)
prompt = ExtResource("7_xh6pg")
use_prompt_colors = false
primary_color = Color(0.794886, 0.561955, 0.933871, 1)
secondary_color = Color(0.910349, 0.90593, 0.667211, 1)

[node name="Art_Spawn" parent="forest/flowers/W02_Flower_01_Drawing3" index="0"]
transform = Transform3D(0.144134, 0.00755333, 0.0488076, -0.0265776, 0.13877, 0.0570105, -0.0416277, -0.0624461, 0.132595, -0.0660365, 0.502163, -0.000802375)

[node name="W02_Flower_01_Drawing5" parent="forest/flowers" instance=ExtResource("6_by4a6")]
transform = Transform3D(1, 0, 0, 0, -0.976713, 0.214548, 0, -0.214548, -0.976713, -0.110915, 0, 0)
prompt = ExtResource("7_xh6pg")
use_prompt_colors = false
primary_color = Color(0.842104, 0.542635, 0.894407, 1)
secondary_color = Color(0.910349, 0.90593, 0.667211, 1)

[node name="Art_Spawn" parent="forest/flowers/W02_Flower_01_Drawing5" index="0"]
transform = Transform3D(0.209571, 0.0186674, 0.0244732, -0.0254214, 0.199928, 0.0651916, -0.0173541, -0.0674367, 0.200046, -0.0660365, 0.502013, 0.0103108)

[node name="W02_Flower_01_Drawing4" parent="forest/flowers" instance=ExtResource("6_by4a6")]
transform = Transform3D(1, 0, 0, 0, -0.806341, -0.59145, 0, 0.59145, -0.806341, -0.264341, 0, 0)
prompt = ExtResource("7_xh6pg")
use_prompt_colors = false
primary_color = Color(0.967598, 0.519279, 0.56466, 1)
secondary_color = Color(0.910349, 0.90593, 0.667211, 1)

[node name="Art_Spawn" parent="forest/flowers/W02_Flower_01_Drawing4" index="0"]
transform = Transform3D(0.189364, -0.0709292, 0.0210355, 0.0595902, 0.180488, 0.0721468, -0.0438458, -0.0610345, 0.188903, -0.0660365, 0.499621, -0.00170651)

[node name="W02_Flower_01_Drawing6" parent="forest/flowers" instance=ExtResource("6_by4a6")]
transform = Transform3D(1, 0, 0, 0, -0.948622, -0.31641, 0, 0.31641, -0.948622, -0.0987078, 0, 0)
prompt = ExtResource("7_xh6pg")
use_prompt_colors = false
primary_color = Color(0.538022, 0.673294, 0.933698, 1)
secondary_color = Color(0.924563, 0.907021, 0.59151, 1)

[node name="Art_Spawn" parent="forest/flowers/W02_Flower_01_Drawing6" index="0"]
transform = Transform3D(0.180583, 0.0215437, 0.00884124, -0.0229191, 0.176664, 0.0376428, -0.00412442, -0.0384465, 0.177926, -0.0660365, 0.502013, 0.0103108)

[node name="flowers2" type="Node3D" parent="forest"]
transform = Transform3D(1, 0, 0, 0, 0.927953, 0.372696, 0, -0.372696, 0.927953, -0.248815, 0, 0)

[node name="W02_Flower_01_Drawing" parent="forest/flowers2" instance=ExtResource("6_by4a6")]
transform = Transform3D(0.984291, -0.00305353, 0.176526, -0.0178233, -0.996462, 0.0821444, 0.17565, -0.0840003, -0.980863, -0.0576146, 0, 0)
prompt = ExtResource("7_xh6pg")
use_prompt_colors = false
primary_color = Color(0.2366, 0.84266, 0.91, 1)
secondary_color = Color(0.94902, 0.811765, 0.466667, 1)

[node name="Art_Spawn" parent="forest/flowers2/W02_Flower_01_Drawing" index="0"]
transform = Transform3D(0.211017, 0.0380398, 0.0420807, -0.0280459, 0.21086, -0.0499734, -0.0493076, 0.0428589, 0.208513, 0, 0.498113, 4.51058e-05)

[node name="W02_Flower_01_Drawing2" parent="forest/flowers2" instance=ExtResource("6_by4a6")]
transform = Transform3D(1, 0, 0, 0, -0.988938, -0.148327, 0, 0.148327, -0.988938, -0.00134885, -0.00232719, -0.029145)
prompt = ExtResource("7_xh6pg")
use_prompt_colors = false
primary_color = Color(1, 0.525, 0.25, 1)
secondary_color = Color(0.95, 0.901233, 0.532, 1)

[node name="Art_Spawn" parent="forest/flowers2/W02_Flower_01_Drawing2" index="0"]
transform = Transform3D(0.171286, -0.0549645, -0.02157, 0.0557621, 0.172345, 0.00363575, 0.0194154, -0.010076, 0.179852, 0, 0.499561, -0.000319131)

[node name="W02_Flower_01_Drawing3" parent="forest/flowers2" instance=ExtResource("6_by4a6")]
transform = Transform3D(1, 0, 0, 0, -0.965772, 0.259392, 0, -0.259392, -0.965772, -0.153073, 0, 0)
prompt = ExtResource("7_xh6pg")
use_prompt_colors = false
primary_color = Color(0.794886, 0.561955, 0.933871, 1)
secondary_color = Color(0.910349, 0.90593, 0.667211, 1)

[node name="Art_Spawn" parent="forest/flowers2/W02_Flower_01_Drawing3" index="0"]
transform = Transform3D(0.144134, 0.00755333, 0.0488076, -0.0188553, 0.147579, 0.0328424, -0.0456477, -0.0371092, 0.140545, -0.0660365, 0.502163, -0.000802375)

[node name="W02_Flower_01_Drawing4" parent="forest/flowers2" instance=ExtResource("6_by4a6")]
transform = Transform3D(1, 0, 0, 0, -0.999887, 0.0149918, 0, -0.0149918, -0.999887, -0.103891, 0, 0)
prompt = ExtResource("7_xh6pg")
use_prompt_colors = false
primary_color = Color(0.967598, 0.519279, 0.56466, 1)
secondary_color = Color(0.910349, 0.90593, 0.667211, 1)

[node name="Art_Spawn" parent="forest/flowers2/W02_Flower_01_Drawing4" index="0"]
transform = Transform3D(0.189364, -0.0709292, 0.0210355, 0.0595902, 0.180488, 0.0721468, -0.0438458, -0.0610345, 0.188903, -0.0660365, 0.499621, -0.00170651)

[node name="W02_Flower_01_Drawing7" parent="forest/flowers2" instance=ExtResource("6_by4a6")]
transform = Transform3D(1, 0, 0, 0, -0.866426, 0.499304, 0, -0.499304, -0.866426, 0.664809, 0, 0)
prompt = ExtResource("7_xh6pg")
use_prompt_colors = false
primary_color = Color(0.967598, 0.519279, 0.56466, 1)
secondary_color = Color(0.910349, 0.90593, 0.667211, 1)

[node name="Art_Spawn" parent="forest/flowers2/W02_Flower_01_Drawing7" index="0"]
transform = Transform3D(0.189364, -0.0709292, 0.0210355, 0.0595902, 0.180488, 0.0721468, -0.0438458, -0.0610345, 0.188903, -0.0660365, 0.499621, -0.00170651)

[node name="W02_Flower_01_Drawing5" parent="forest/flowers2" instance=ExtResource("6_by4a6")]
transform = Transform3D(1, 0, 0, 0, -0.948174, 0.317751, 0, -0.317751, -0.948174, -0.0467872, 0, 0)
prompt = ExtResource("7_xh6pg")
primary_color = Color(0.967598, 0.519279, 0.56466, 1)
secondary_color = Color(0.910349, 0.90593, 0.667211, 1)

[node name="Art_Spawn" parent="forest/flowers2/W02_Flower_01_Drawing5" index="0"]
transform = Transform3D(0.209571, 0.0186674, 0.0244732, -0.0254214, 0.199928, 0.0651916, -0.0173541, -0.0674367, 0.200046, -0.0660365, 0.502013, 0.0103108)

[node name="W02_Flower_01_Drawing8" parent="forest/flowers2" instance=ExtResource("6_by4a6")]
transform = Transform3D(1, 0, 0, 0, -0.954298, 0.298858, 0, -0.298858, -0.954298, 0.527283, 0, 0)
prompt = ExtResource("7_xh6pg")
primary_color = Color(0.967598, 0.519279, 0.56466, 1)
secondary_color = Color(0.910349, 0.90593, 0.667211, 1)

[node name="Art_Spawn" parent="forest/flowers2/W02_Flower_01_Drawing8" index="0"]
transform = Transform3D(0.209571, 0.0186674, 0.0244732, -0.0254214, 0.199928, 0.0651916, -0.0173541, -0.0674367, 0.200046, -0.0660365, 0.502013, 0.0103108)

[node name="W02_Flower_01_Drawing6" parent="forest/flowers2" instance=ExtResource("6_by4a6")]
transform = Transform3D(1, 0, 0, 0, -0.985428, 0.170089, 0, -0.170089, -0.985428, -0.0752771, 0, 0)
prompt = ExtResource("7_xh6pg")
primary_color = Color(0.538022, 0.673294, 0.933698, 1)
secondary_color = Color(0.924563, 0.907021, 0.59151, 1)

[node name="Art_Spawn" parent="forest/flowers2/W02_Flower_01_Drawing6" index="0"]
transform = Transform3D(0.132468, -0.0197509, 0.123348, -0.022553, 0.173053, 0.0519307, -0.122866, -0.0530597, 0.123455, -0.0660365, 0.502013, 0.0103108)

[node name="flowers3" type="Node3D" parent="forest"]
transform = Transform3D(1, 0, 0, 0, 0.927953, 0.372696, 0, -0.372696, 0.927953, 0.324534, 0, 0)

[node name="W02_Flower_01_Drawing" parent="forest/flowers3" instance=ExtResource("6_by4a6")]
transform = Transform3D(1, 0, 0, 0, -0.782032, -0.623239, 0, 0.623239, -0.782032, 0.028706, 0, 0)
prompt = ExtResource("7_xh6pg")
use_prompt_colors = false
primary_color = Color(0.869208, 0.672335, 0.909468, 1)
secondary_color = Color(0.94902, 0.811765, 0.466667, 1)

[node name="Art_Spawn" parent="forest/flowers3/W02_Flower_01_Drawing" index="0"]
transform = Transform3D(0.187253, -0.0175048, -0.111247, 0.0368622, 0.213489, 0.0284541, 0.106412, -0.0431514, 0.185904, 0.039312, 0.498113, 4.50909e-05)

[node name="W02_Flower_01_Drawing2" parent="forest/flowers3" instance=ExtResource("6_by4a6")]
transform = Transform3D(1, 0, 0, 0, -0.653473, -0.756949, 0, 0.756949, -0.653473, -0.00134885, -0.00232719, -0.029145)
prompt = ExtResource("7_xh6pg")
use_prompt_colors = false
primary_color = Color(0.446541, 0.702845, 0.906027, 1)
secondary_color = Color(0.95, 0.901233, 0.532, 1)

[node name="Art_Spawn" parent="forest/flowers3/W02_Flower_01_Drawing2" index="0"]
transform = Transform3D(0.171286, -0.0549645, -0.02157, 0.0557621, 0.172345, 0.00363575, 0.0194154, -0.010076, 0.179852, 0.0029546, 0.522405, -0.0134525)

[node name="W02_Flower_01_Drawing8" parent="forest/flowers3" instance=ExtResource("6_by4a6")]
transform = Transform3D(1, 0, 0, 0, -0.684318, -0.729183, 0, 0.729183, -0.684318, -0.656673, -0.00232718, -0.029145)
prompt = ExtResource("7_xh6pg")
use_prompt_colors = false
primary_color = Color(0.446541, 0.702845, 0.906027, 1)
secondary_color = Color(0.95, 0.901233, 0.532, 1)

[node name="Art_Spawn" parent="forest/flowers3/W02_Flower_01_Drawing8" index="0"]
transform = Transform3D(0.171286, -0.0549645, -0.02157, 0.0557621, 0.172345, 0.00363575, 0.0194154, -0.010076, 0.179852, 0.0029546, 0.522405, -0.0134525)

[node name="W02_Flower_01_Drawing3" parent="forest/flowers3" instance=ExtResource("6_by4a6")]
transform = Transform3D(1, 0, 0, 0, -0.895929, -0.444197, 0, 0.444197, -0.895929, 0.0790367, 0, 0)
prompt = ExtResource("7_xh6pg")
use_prompt_colors = false
primary_color = Color(0.794886, 0.561955, 0.933871, 1)
